2762
5201
3732
1506
11862
2599
6556
12562
5872
2474
2404
6800
3032
3633
5707
4534
4858
1835
4635
3995
4043
6617
3814
2624
3879
2572
1881
7035
3137
2944
3072
2336
2704
2901
2284
2269
2737
3707
2841
4894
3001
3393
3741
6098
5335
3913
1997
4257
3650
2672
3699
2174
2895
2950
2712
2895
3973
4843
4394
4561
4595
3982
4279
2911
2886
2192
3706
4050
3877
2884
2693
3110
4266
2671
2821
3389
3599
2111
4301
2883
3775
3335
3130
4455
2831
3469
5132
4464
2602
3636
4245
3448
4385
4254
4186
3370
2468
2684
4593
4232
5011
3226
4029
2726
3704
3110
3384
2852
3231
4149
4737
3613
2361
3748
3033
2799
4691
2242
4423
3923
5110
3669
4188
4346
3684
6325
6213
6514
6203
4587
5608
6496
4791
4019
3291
4476
4292
4345
4466
4825
5443
3792
1968
4603
4567
5703
4625
4865
3565
4968
4094
4311
4132
3543
5252
4029
4410
4518
4874
4078
4324
5891
4220
4481
4583
4777
5183
4170
5276
5305
4888
4110
4745
4381
4099
2757
4056
3384
4814
5221
5188
4748
3162
3882
4477
4574
3445
4140
4544
5101
5319
5700
4824
5289
2346
4795
5156
3696
4206
4004
3247
2710
3538
4156
4061
2850
4663
3348
3133
4542
4595
3432
4843
4034
4654
4397
4055
4890
4891
4993
4308
3676
2392
4129
4358
4773
5157
2702
4932
5286
5129
5500
5928
5693
4825
3821
4358
3600
4455
4800
5117
3413
3465
4433
4877
4080
4105
4809
4595
2991
4042
2892
4816
5513
5586
5421
5187
5093
3765
5515
5586
3900
3873
3868
4134
4678
3811
4152
4274
5173
5722
5053
3733
4759
4721
4215
4062
5095
5227
4379
4718
4398
2729
3850
4168
4612
4401
2272
4525
4911
4782
5089
5096
5807
4731
5167
4890
5042
6084
5779
5562
2826
4464
3264
3034
3685
4010
3894
2855
4273
2832
3695
4583
4621
4737
3204
4808
3076
3969
5128
3410
4027
4042
3769
4098
4630
4929
4707
3162
4082
3963
4821
3365
5222
3438
6182
5045
5176
5251
5310
3936
4516
2173
3823
2813
4898
3447
2858
2134
5001
4298
5106
3219
3198
3133
3870
3104
2981
2848
5871
5743
3814
2748
3607
4214
3097
5058
3265
4999
5258
5272
3540
3685
3335
3405
5374
5057
3815
3327
5290
5169
5116
3148
3685
4221
3846
3057
4171
4342
4277
4659
4725
2856
3823
3763
4120
3273
4595
4431
2752
4270
2513
2109
2699
2756
3219
4227
3070
3287
3619
3896
4538
3084
3142
2958
4393
3273
3501
4609
5114
3211
5229
3492
4062
4264
5077
4896
4237
3993
4371
4272
3755
3239
5498
3146
4968
4995
5285
3611
3471
5044
5183
3107
2847
2935
4454
4559
5986
4672
4222
2848
5554
4216
3006
2937
4105
3204
2523
3794
4403
3156
4959
2222
2370
3855
3978
5324
4497
2685
2889
4583
5206
5211
5288
3479
5721
5228
5209
3443
3747
5268
3464
2349
3926
4564
4906
5059
5069
3332
5098
3459
5195
5104
3342
5166
4495
4331
3351
3913
4132
4470
4459
2259
3619
2652
2804
2891
3564
2750
3589
4773
5100
5082
3919
3209
2855
4343
4381
4355
3229
4528
5730
4375
3192
2714
2766
4150
2988
2820
4432
3695
4256
3797
2413
3974
2804
4359
4844
3834
4316
3970
3171
3014
3890
3646
2832
3941
3630
2728
2020
2684
3219
4484
2951
3982
2922
4813
4055
3629
2765
3258
4794
3262
2798
3500
3216
3727
4544
3031
2694
2735
4448
2769
5368
4560
2921
2772
4322
4956
4572
3010
3950
4470
4651
2623
4289
4030
3434
3496
2582
2589
3007
3155
4757
4646
2365
2870
1910
2632
3639
4059
4230
3357
4096
2842
3223
5128
4750
4252
4297
3749
3192
5568
5030
4109
4821
4480
4122
4167
4138
3877
4858
4374
2459
2727
3249
4893
4960
3923
4744
5468
4765
5099
5827
5612
3733
5753
5583
4200
3930
3649
4379
4129
3812
4047
4320
3054
4039
4330
4354
4227
4703
3859
4792
2811
3798
3993
4063
3728
4274
3900
4100
4668
4348
5027
4773
3969
4831
4084
4683
5029
4241
4916
4624
4367
2985
4064
3495
2201
2227
4246
3265
4000
2766
3662
3987
4362
3029
4275
4253
3610
4574
4281
3069
4013
1886
4539
3438
2824
2800
3527
4205
4046
2807
4756
1847
4623
4826
4230
3403
4893
4184
4436
4139
3745
4987
4894
2958
4862
4156
3638
4554
4469
2252
2442
4292
4522
3848
4647
4272
2838
5284
3443
3714
4291
3215
3546
4280
1601
3761
2134
5776
4311
2901
2933
3520
4937
4296
3960
5730
2943
3065
2993
4646
4556
4641
4525
5167
5148
3410
5036
4200
3978
3966
3787
2988
4166
4265
4543
4304
4237
4166
3184
5168
4468
4363
4497
4614
4056
5435
4153
3554
4533
3763
5102
1762
3742
4100
4208
5035
4754
3170
4097
3900
2060
4317
4212
4546
2811
4459
2334
3756
3975
6031
2924
3213
4457
3629
3637
4139
4247
4680
5569
4703
4462
2307
4028
4273
3967
3985
4531
3956
4175
4636
3595
3016
3805
4614
3189
4036
4735
4611
4900
4651
6669
4324
4897
4117
4035
2941
4744
2387
4307
4218
3394
1828
4405
3139
4419
3965
3592
4658
4364
3900
4704
3057
4216
4340
4202
4596
5042
4395
3826
3111
2388
3123
4535
5341
3513
3836
4619
4184
4401
3447
2790
4503
3988
2820
5721
5664
5735
5692
3342
3677
3580
3366
4303
3684
4593
3866
3969
4592
3603
3954
4160
3208
5219
3530
3635
4680
4103
4084
3749
3226
3821
3080
2234
4682
3624
4057
3704
4257
4204
4261
4437
3946
2771
3950
4427
6145
4252
4770
4106
3088
2662
3050
2974
2869
4902
4636
4729
4725
5121
5076
4678
5002
4650
3806
3883
4538
3170
4403
3640
2089
2500
2866
3679
4082
3180
2767
2416
4453
3879
4613
3137
2303
3286
3601
3223
4862
4844
4163
4018
3116
3867
3945
3368
3079
3004
2875
3682
3294
4625
4310
2786
2904
5559
3511
5505
3655
6338
3321
5382
4764
4767
2845
3322
3108
4410
3927
4875
2762
4274
4489
4327
3560
4499
4574
4824
2883
