28.618325
1.997412
28.618325
1.997412
28.618325
1.997412
28.618325
1.997412
28.618325
1.997412
28.618325
1.997412
28.618325
1.997412
28.618325
1.997412
28.618325
1.997412
28.618325
1.997412
28.618325
1.997412
28.618325
1.997412
28.618325
1.997412
28.618325
1.997412
28.618325
1.997412
28.618325
1.997412
28.618325
1.997412
28.618325
1.997412
28.618325
1.997412
28.618325
1.997412
28.618325
1.997412
28.618325
1.997412
28.618325
1.997412
28.623210
1.997604
28.628031
1.997794
28.632789
1.997981
28.637484
1.998166
28.642118
1.998348
28.644021
1.998814
28.645880
1.999278
28.650385
1.999456
28.652231
1.999919
28.651431
2.000669
28.653239
2.001131
28.657644
2.001305
28.659812
2.000142
28.659756
1.997642
28.659326
1.996767
28.658522
1.997517
28.660286
1.997977
28.662050
1.998438
28.663790
1.998897
28.668062
1.999066
28.669790
1.999525
28.671477
1.999982
28.675648
2.000147
28.679780
2.000310
28.683859
2.000471
28.685857
1.999301
28.685422
1.998426
28.687006
1.998880
28.690978
1.999037
28.692551
1.999490
28.691735
2.000240
28.691300
1.999365
28.693226
1.998192
28.697120
1.998346
28.700977
1.998499
28.702484
1.998949
28.701664
1.999699
28.703140
2.000149
28.706900
2.000298
28.710626
2.000445
28.714304
2.000591
28.717933
2.000735
28.719708
1.999556
28.721450
1.998376
28.724979
1.998516
28.728474
1.998654
28.731923
1.998791
28.735327
1.998926
28.738687
1.999059
28.742003
1.999190
28.745276
1.999320
28.748506
1.999448
28.751694
1.999575
28.754840
1.999700
28.755983
2.000137
28.757099
2.000573
28.760160
2.000695
28.763195
2.000815
28.766191
2.000934
28.769147
2.001052
28.772065
2.001168
28.773487
1.999976
28.774882
1.998783
28.777719
1.998896
28.780529
1.999007
28.781501
1.999438
28.780652
2.000188
28.781603
2.000618
28.784349
2.000727
28.787070
2.000836
28.789757
2.000943
28.792408
2.001049
28.795025
2.001153
28.797608
2.001256
28.800158
2.001358
28.802674
2.001459
28.805158
2.001558
28.807609
2.001656
28.808799
2.000455
28.809967
1.999253
28.810733
1.999675
28.809873
2.000425
28.810630
2.000848
28.811790
1.999645
28.812939
1.998442
28.815286
1.998536
28.817610
1.998629
28.819904
1.998721
28.822168
1.998812
28.824403
1.998901
28.826609
1.998989
28.827272
1.999408
28.827915
1.999827
28.830065
1.999913
28.832196
1.999998
28.834300
2.000083
28.836377
2.000166
28.838426
2.000248
28.840450
2.000330
28.842447
2.000410
28.844418
2.000489
28.846363
2.000568
28.847302
1.999356
28.846836
1.998481
28.847350
1.998895
28.849250
1.998971
28.851135
1.999047
28.852995
1.999122
28.853481
1.999534
28.853951
1.999946
28.855766
2.000019
28.857565
2.000091
28.859341
2.000163
28.861094
2.000234
28.862825
2.000304
28.863656
1.999089
28.864472
1.997873
28.866156
1.997941
28.867823
1.998008
28.869468
1.998074
28.871093
1.998140
28.871458
1.998548
28.871809
1.998955
28.873395
1.999019
28.874967
1.999083
28.876520
1.999146
28.878052
1.999208
28.879565
1.999269
28.879873
1.999675
28.880169
2.000080
28.881646
2.000140
28.883111
2.000199
28.884558
2.000258
28.885248
1.999037
28.885926
1.997816
28.886187
1.998220
28.885298
1.998970
28.885558
1.999373
28.885818
1.999777
28.886075
2.000181
28.887476
2.000238
28.888866
2.000294
28.890239
2.000350
28.891593
2.000405
28.892930
2.000460
28.894250
2.000514
28.895553
2.000567
28.896839
2.000619
28.898108
2.000671
28.899361
2.000723
28.900598
2.000773
28.901184
1.999548
28.901759
1.998323
28.902962
1.998372
28.903114
1.998772
28.903257
1.999171
28.903401
1.999570
28.903542
1.999970
28.903683
2.000369
28.903207
1.999494
28.902731
1.998619
28.901835
1.999369
28.901986
1.999768
28.902138
2.000168
28.901662
1.999293
28.902235
1.998067
28.902387
1.998467
28.902535
1.998866
28.903725
1.998915
28.904907
1.998964
28.906073
1.999011
28.907225
1.999059
28.908361
1.999105
28.909483
1.999151
28.910590
1.999197
28.911683
1.999242
28.912762
1.999286
28.912848
1.999683
28.911950
2.000433
28.911472
1.999558
28.910994
1.998683
28.910096
1.999433
28.910193
1.999831
28.911284
1.999876
28.911380
2.000273
28.911469
2.000670
28.912543
2.000715
28.913610
2.000759
28.914663
2.000802
28.915703
2.000845
28.916729
2.000888
28.917742
2.000929
28.918742
2.000971
28.919729
2.001012
28.920704
2.001052
28.921665
2.001092
28.922615
2.001131
28.923058
1.999901
28.923493
1.998670
28.923505
1.999064
28.923513
1.999459
28.924434
1.999497
28.925348
1.999535
28.926251
1.999572
28.926247
1.999966
28.926238
2.000359
28.926652
1.999128
28.927064
1.997896
28.927943
1.997933
28.927928
1.998326
28.927907
1.998719
28.928772
1.998755
28.928751
1.999148
28.928725
1.999541
28.929579
1.999577
28.930427
1.999612
28.931264
1.999647
28.931227
2.000039
28.930746
1.999164
28.931132
1.997932
28.931958
1.997966
28.932776
1.998000
28.933584
1.998034
28.934381
1.998068
28.934324
1.998459
28.934261
1.998851
28.934198
1.999242
28.934137
1.999634
28.934921
1.999667
28.934859
2.000058
28.934377
1.999183
28.934740
1.997949
28.935520
1.997982
28.936292
1.998015
28.936222
1.998406
28.935313
1.999156
28.935244
1.999547
28.936014
1.999579
28.936779
1.999611
28.936706
2.000002
28.936223
1.999127
28.935741
1.998252
28.935669
1.998643
28.936433
1.998676
28.936362
1.999067
28.935454
1.999817
28.935384
2.000208
28.936152
2.000240
28.936507
1.999006
28.936856
1.997772
28.936779
1.998163
28.936701
1.998554
28.936622
1.998945
28.935714
1.999695
28.934806
2.000445
28.934324
1.999570
28.934687
1.998336
28.934625
1.998727
28.934560
1.999119
28.934496
1.999510
28.933589
2.000260
28.933531
2.000652
28.933898
1.999418
28.934264
1.998185
28.935049
1.998218
28.934987
1.998609
28.934920
1.999001
28.935694
1.999033
28.936464
1.999065
28.937224
1.999097
28.937974
1.999129
28.938714
1.999160
28.938627
1.999551
28.937719
2.000301
28.937634
2.000691
28.937974
1.999457
28.937492
1.998582
28.937408
1.998972
28.938150
1.999004
28.938888
1.999035
28.938801
1.999425
28.938709
1.999816
28.939434
1.999846
28.939342
2.000236
28.939247
2.000627
28.939965
2.000657
28.940679
2.000687
28.941384
2.000717
28.942080
2.000747
28.942397
1.999511
28.941914
1.998636
28.941801
1.999026
28.942487
1.999055
28.943169
1.999084
28.943842
1.999112
28.943722
1.999502
28.943597
1.999891
28.944260
1.999919
28.944919
1.999947
28.945570
1.999974
28.946212
2.000002
28.946846
2.000029
28.947472
2.000056
28.948089
2.000082
28.948699
2.000108
28.949301
2.000134
28.949896
2.000159
28.950482
2.000185
28.951061
2.000210
28.951321
1.998972
28.951575
1.997734
28.952138
1.997758
28.952697
1.997782
28.953248
1.997806
28.953792
1.997830
28.953605
1.998216
28.953415
1.998603
28.953226
1.998990
28.953039
1.999376
28.952852
1.999763
28.952667
2.000150
28.953214
2.000173
28.953758
2.000197
28.954294
2.000220
28.954825
2.000243
28.955059
1.999005
28.954573
1.998130
28.953658
1.998880
28.953468
1.999266
28.953278
1.999653
28.952364
2.000403
28.952183
2.000790
28.952430
1.999552
28.952677
1.998314
28.953226
1.998337
28.953771
1.998361
28.953584
1.998747
28.953394
1.999134
28.953931
1.999157
28.953743
1.999544
28.953553
1.999931
28.953363
2.000317
28.953175
2.000704
28.953714
2.000727
28.954252
2.000750
28.954782
2.000773
28.955306
2.000796
28.955822
2.000819
28.956333
2.000841
28.956558
1.999602
28.956779
1.998363
28.957275
1.998384
28.957767
1.998406
28.957554
1.998792
28.957338
1.999177
28.957825
1.999199
28.958310
1.999220
28.958092
1.999605
28.957873
1.999991
28.958353
2.000012
28.958565
1.998772
28.958773
1.997533
28.959244
1.997553
28.959711
1.997574
28.960172
1.997594
28.960627
1.997614
28.961076
1.997634
28.961520
1.997653
28.961958
1.997673
28.962390
1.997692
28.962145
1.998076
28.961899
1.998461
28.962327
1.998480
28.962083
1.998864
28.961838
1.999249
28.962267
1.999268
28.962694
1.999287
28.963117
1.999306
28.963533
1.999324
28.963945
1.999343
28.963690
1.999727
28.962772
2.000477
28.962522
2.000861
28.962942
2.000880
28.963361
2.000898
28.963540
1.999658
28.963716
1.998417
28.964124
1.998435
28.964528
1.998453
28.964927
1.998471
28.964666
1.998855
28.964403
1.999238
28.964799
1.999256
28.965194
1.999274
28.965584
1.999291
28.965319
1.999675
28.965052
2.000059
28.965217
1.998817
28.964729
1.997942
28.964466
1.998326
28.964203
1.998710
28.963284
1.999460
28.963031
1.999844
28.963445
1.999863
28.963857
1.999881
28.963603
2.000265
28.963348
2.000649
28.963757
2.000668
28.964165
2.000686
28.964568
2.000704
28.964740
1.999463
28.964909
1.998222
28.965301
1.998239
28.965690
1.998257
28.965423
1.998640
28.965156
1.999024
28.964889
1.999408
28.964625
1.999791
28.965018
1.999809
28.965410
1.999827
28.965146
2.000210
28.964658
1.999335
28.964827
1.998094
28.965221
1.998112
28.965611
1.998129
28.965345
1.998513
28.965078
1.998897
28.965465
1.998914
28.965852
1.998931
28.966234
1.998949
28.965964
1.999332
28.965693
1.999716
28.966072
1.999733
28.966451
1.999750
28.966825
1.999767
28.967194
1.999783
28.967558
1.999800
28.967918
1.999816
28.968273
1.999832
28.967989
2.000215
28.967501
1.999340
28.967012
1.998465
28.966735
1.998848
28.967101
1.998865
28.967466
1.998882
28.967827
1.998898
28.967547
1.999281
28.967265
1.999664
28.967625
1.999680
28.967345
2.000064
28.966857
1.999189
28.967012
1.997947
28.966735
1.998330
28.966459
1.998714
28.966829
1.998730
28.966555
1.999114
28.965636
1.999864
28.965367
2.000247
28.965529
1.999006
28.965693
1.997764
28.966075
1.997782
28.965806
1.998165
28.964887
1.998915
28.963968
1.999665
28.963710
2.000049
28.963883
1.998808
28.963395
1.997933
28.962476
1.998683
28.961558
1.999433
28.961316
1.999818
28.961075
2.000202
28.960588
1.999327
28.960783
1.998087
28.960547
1.998472
28.960312
1.998857
28.960077
1.999242
28.959845
1.999627
