5737
2817
5851
2724
3583
1781
4159
2083
2517
2801
2245
2144
2340
2479
5405
3487
2577
2603
2241
3503
4364
2124
2047
2363
5515
1910
2477
2256
2433
3790
2168
3367
2499
2305
5277
2432
3978
2571
4782
2520
2320
2357
2453
3566
2905
2318
2343
2459
8840
3327
2298
2307
3920
4740
2207
2138
2427
4477
2730
2882
2659
2379
5282
3318
2964
2159
5059
2438
2275
2321
2426
2404
2542
2370
5901
2507
2564
2402
4898
2480
2481
2239
8624
3933
2481
2476
2326
4215
3287
2127
2211
3923
2183
3621
2247
2385
4707
2211
2217
2211
4371
2754
6774
2099
4587
2039
2975
2405
5077
2022
2252
41737
7214
3324
2311
2237
2078
4103
2211
3640
2120
5494
3407
2009
2198
3871
2931
2381
2217
2143
3506
2017
2115
3510
2984
2194
2136
1670
6630
3341
2263
2995
6297
3878
3407
2205
2506
4255
3258
2375
2405
3318
7173
5405
2297
2934
7867
5507
10386
5486
1412
8511
5175
9247
16472
7611
9174
1979
1772
1981
7417
2387
1894
2317
6253
1895
3384
2647
3621
3588
2542
2193
3246
2130
3433
2265
2405
2431
3827
2280
1459
1731
1891
4845
9624
2013
1771
2078
10173
6773
20956
35502
25120
9636
11528
3828
8767
8341
15713
17282
13262
6053
23223
36261
24904
28982
22907
2831
5448
6781
2150
1693
1410
4297
1906
5273
7166
7931
17039
3510
6255
4873
1957
1603
6732
3839
2455
2190
2379
4979
2294
6184
1934
4029
2383
2366
2231
3502
7483
2427
2217
2182
7104
2202
2064
2239
4985
6731
3183
4633
11689
6338
2029
7391
3799
1609
5102
2569
2100
2156
7369
2307
2205
2242
6263
2468
2017
2163
2193
2488
5531
1831
5824
2049
6493
1939
1822
3212
5215
3414
1856
2042
4620
3177
2366
1880
1860
4406
2109
2092
1904
5565
6120
2371
3096
4457
3263
1741
2113
2066
5118
3572
1826
2154
6153
3545
2343
3411
2158
3729
2053
2153
2401
1862
6438
3266
2060
5352
2675
2418
2562
5837
2994
2155
5439
2184
6239
2260
2371
2513
5424
2583
2072
2032
1925
4366
4429
3287
2395
2277
6694
2304
2411
2629
6220
3580
2371
2476
7989
2511
2516
2259
4791
2645
6804
2292
6826
2414
2048
2522
2116
4262
2451
2642
2419
5220
2514
2409
2483
2497
9107
1826
2900
3022
3581
2189
2203
1349
7874
2355
2530
2408
4062
3778
2559
2340
2736
3649
2386
2394
4484
3878
2608
2460
1937
11880
2463
3466
2492
1819
7242
2660
1873
7805
3432
3149
8104
10476
17787
8033
2504
1882
2289
1847
2629
2933
22443
16390
6969
8126
18890
2926
8128
3724
1973
5530
18889
5049
2786
2767
8891
1576
10885
1763
1978
3364
2213
4015
2001
2608
12494
2194
5354
3199
2289
2335
5238
2278
2637
2416
2372
4194
2769
1902
3220
6748
3703
4825
2856
4369
6961
5184
3952
5796
10561
2817
11460
3587
5573
5676
3117
3869
7278
4829
3535
5078
2512
6128
7764
3924
8118
4859
1551
4564
4694
6901
2336
2277
5630
5407
8688
2819
7463
4143
2304
3058
5867
4526
2174
3036
3329
2223
5542
2112
2282
2062
5982
2931
2063
2334
2207
5226
1572
2895
1947
3204
3203
2092
2259
2337
4189
2162
2653
1839
5047
2285
2444
2417
5155
2401
2417
2310
6931
4005
2291
2392
6737
2314
2164
2183
4092
2365
2194
2257
5053
2512
2176
2273
2326
3973
2119
2142
4707
3796
2501
2262
3283
3989
2421
2376
2262
3975
8216
2282
1632
3380
6859
2907
3572
1480
7107
4256
12854
2385
12970
2847
7156
3656
7082
6124
11366
3836
2173
9342
3647
6050
7252
5441
6218
5413
3535
2819
8197
2911
3216
1527
2824
3260
2219
3454
2666
6542
1859
3488
2134
4824
5986
2238
2430
1991
5048
2583
2465
1945
1503
9255
19340
6554
3404
5357
11799
2449
1699
5768
4587
2116
2698
2515
5536
2402
2741
2806
5591
12650
21118
16477
5383
6798
7171
6436
1980
10294
4612
3127
4809
6839
15074
11226
21132
13027
11053
7757
10282
5819
2003
2978
4953
2733
6042
2572
2933
6132
9640
4980
4309
6860
7791
6041
8535
1527
7132
3173
11458
4582
21476
1628
6990
3503
2564
2188
4737
4089
11809
5982
11600
5114
6350
4111
4206
5294
5769
4407
17647
2272
11538
7371
7458
5548
15958
3381
6740
1728
7760
7202
9569
3465
15603
3007
8963
6230
3212
4657
4818
2806
2418
2179
2273
3081
2349
1838
2142
3779
2350
2204
2298
4224
2293
2103
2381
3402
3272
2339
2483
6235
14833
6668
20463
1775
13596
5468
2741
3398
12423
11114
16716
2390
7685
7437
11791
4871
3622
2657
16387
2144
35243
6860
18794
6310
8560
3456
7246
6152
8998
3819
8112
3584
16418
6877
7651
7536
5191
1589
8044
4835
14604
1939
5597
3083
2272
2254
2389
4283
2397
2139
2358
3605
3044
2305
2515
3178
6070
2155
3028
6871
4383
5680
6676
4240
17758
7192
4759
2992
6704
4204
7552
11070
16444
7037
15519
3052
2178
1591
8047
2667
2222
3348
9330
6203
7138
3469
16518
6473
8204
6156
4754
4140
3738
4071
5430
4661
9200
6076
11333
4833
10298
3861
4810
5048
7771
2855
3569
4426
1770
4132
3598
2421
2458
4123
5827
6649
18968
7120
11312
5545
3378
2404
1532
3938
2167
2137
2480
3159
17076
6575
10364
4280
13620
7102
2148
2438
1530
2905
2061
1586
18733
1552
1554
6183
1776
2075
3580
2335
2040
3453
4094
3859
6943
3078
4743
2229
8149
8929
17521
7288
23882
2741
1995
8036
5327
3284
9220
1931
2658
5518
6925
2799
5802
2003
2303
2165
2090
4309
1994
2659
2546
3942
2738
2131
13535
10865
10884
5286
15764
3130
2264
7167
7370
4230
17438
5993
10370
6691
4977
2103
2718
1956
1908
4064
1984
2364
2451
2229
2126
1605
2575
35908
5427
4453
7019
2451
10869
3343
1750
1953
2567
4328
3931
2537
2325
2109
4963
3779
2313
2445
2328
3906
2494
2154
4695
3671
2031
2143
6327
3084
5406
2156
1832
2596
4309
3911
2469
2273
2462
2138
9904
4466
12215
3909
10259
41387
